1 8,9 58, 46
2 20,10  
3 4,11,12 22,23 
4 3,13  
5 15,16    
6 29,7  
7 6,17  
8 1,18,19  
9 1,19,20  
10 2,21,11,34  
11 3,10,22  
12 3,23  
13 4,23,24 23,14,52 46,67,89
14 13,15,25 13,15 
15 14,5,16,26,28 14,41,29  
16 15,5,28,29  
17 29,7,30,42  
18 8,31,43  
19 8,9,32  
20 9,2,33  
21 33,10  
22 11,23,34,35 3,23,34 
23 12,13,22,37 3,13,22,67 
24 13,37,38  
25 14,38,39  
26 15,39,27  
27 26,28,40  
28 15,27,16,41  
29 6,16,41,17,42 15,41,42,55 
30 17,42  
31 18,42,44  
32 19,33,44,45  
33 20,21,32,46  
34 10,47,22,48 46,22,63 
35 22,36,48  
36 35,37,49  
37 23,36,24,50
38 24,25,50,51  
39 25,26,51,52  
40 27,41,52,53  
41 28,29,40,54 15,29,52,87 
42 29,30,72,56 7,29,72 
43 18,31,57  
44 31,32,58  
45 32,46,60,59,58  
46 33,47,61,45 1,58,34,78 1,13,74,79
47 46,34,62  
48 34,35,63,62  
49 26,50,66  
50 37,38,49  
51 38,52,68,67  
52 39,40,69,51 13,41,86,67 
53 49,54,69  
54 41,55,70,53  
55 71,54 29,89 
56 42,91  
57 43,58,73  
58 44,45,59,57  
59 58,45,76,75  
60 45,61,76  
61 46,62,78,60,76  
62 47,48,79,61  
63 48,64,80,79 34,65,100,79 
64 65,81,63  
65 35,66,82,64 22,67,82,63 
66 49,67,65,82  
67 51,68,84,66 23,52,102,82,65 13,89,79,111
68 51,69,85,67  
69 52,53,86,68  
70 54,71,87  
71 55,72,89,70  
72 42,91,90,71 42,107,105 
73 57,74,92  
74 73,58,75,94 58,94 46
75 74,59,94,58  
76 59,60,61,77  
77 76,78,96,95 58,78,124,94 
78 61,79,97,77 46,79,77 
79 62,63,98,78 63,78 46,67,111,93
80 63,99,11  
81 64,82,100  
82 65,66,101,81 65,67,140,100 
83 101,102  
84 67,85  
85 68,84,103  
86 67,87,104,103 52,87,116,102 
87 70,88 41,89,86 
88 87,89,117  
89 71,105,88 55,105 13,67,128,140
90 72,91,105  
91 56,72,90,107,105  
92 73,74,93  
93 92,94 94 79
94 74,75,95,93 74,77,93 
95 94,77,122  
96 77,97,109  
97 78,98,109,96  
98 79,99,110,97  
99 80,112,11,98
100 80,81,101,113,112 63,82,111 
101 82,83,114,100  
102 83,67,103,115 67,86,127 
103 85,86,102  
104 86,116  
105 89,90,106,108 87,89,72,107,108 
106 105,107  
107 91,106,119 72,105,161 
108 105,119,117 105,135,116 
109 96,97,110,124  
110 98,99,111,109  
111 110,112,124 100,124 79,67,153,163
112 111,99,100,125  
113 100,114,125  
114 101,115,126,132,131,113  
115 102,127,114,126  
116 104,117,118,127 86,108,127,142 
117 88,108,129,116  
118 116,129,134,142  
119 107,108,136  
120 121,144  
121 120,122,145  
122 121,95,123,146 144,123 
123 122,124,149,148,137 122,124,165,144 
124 109,111,130,138,123 77,111,153,123 
125 112,113,131  
126 114,115,127,140  
127 115,116,134,133,126 102,116,133 
128 142,143,160,172,188 135,161,199,187,142 89,140,185
129 117,135,143,142,118  
130 131,139,124  
131 130,125,114  
132 114,140  
133 127,141,140 127,157,140 
134 127,118,142,141  
135 136,161,143,129 108,161,128 
136 119,162,135  
137 123,147  
138 124,152,150  
139 130,140,154,153  
140 132,126,133,156,154,139 82,133,156,154 89,128,153
141 134,142,158,133  
142 134,118,129,143,128,158,141 116,128,157 
143 142,129,135,160,128  
144 120,145,177 122,123,163 
145 121,146,144  
146 122,147,163,145  
147 137,164,146  
148 123,149,164  
149 123,150,165,148  
150 138,151,149  
151 150,152,166,165  
152 138,153,151  
153 152,139,154,167,166 124,154,184,180 111,140,185,163
154 139,140,155,153 140,156,153 
155 154,156,168,167  
156 140,157,169,155 140,157,184,154 
157 158,170,156 133,142,185,156 
158 141,142,159,157  
159 158,172,198,170,186  
160 143,161,173,128  
161 135,174,160 135,107,199,128 
162 136,175  
163 146,177 144,176,191 111,153
164 147,148,179,178  
165 149,151,180,179 123,180,191 
166 151,153,183,181  
167 153,155,168,183  
168 167,155,184  
169 156,184  
170 157,185  
171 173,175,199  
172 128,187,159  
173 160,174,171,188  
174 161,175,173  
175 162,174,171  
176 177,189 163,190 
177 144,163,176  
178 164,191,189  
179 164,165,191  
180 165,181,193 165,153,184,190
181 166,182,193,180  
182 181,183,195  
183 166,167,196,182  
184 168,169,185,197,196 156,185,180,153 
185 170,186,184 157,187,184 153,128
186 159,198,185  
187 172,188,198 128,185 
188 128,173,199,187  
189 176,178,190  
190 189,191,192 176,191,180 
191 178,179,192,190 163,165,190 
192 190,191,194  
193 180,181,194  
194 192,193,195  
195 194,182,197  
196 183,184,197  
197 195,196,184  
198 186,159,187,199  
199 198,188,171 128,161 